//key money boolean(general store) - Name - item quantity and repeat
1 995 true - Edgeville General Store - 1931 30 1935 10 1735 10 1925 30 1923 10 1887 10 590 10 1755 10 2347 10 550 10 9003 10 1541 1000 537 25000 8007 300 8008 300 8009 300 8011 300 8010 300 362 10000 380 10000 386 10000 392 10000 15273 10000 953 1000
2 995 false - Bob's Brilliant Axes - 1265 10 1351 10 1349 10 1353 10 1363 10 1365 10 1369 10
3 995 false - Lumbridge Fishing Supplies - 303 5 307 10 309 10 13431 10 313 1000 314 1000 317 0 327 0 345 0 321 0 335 0 349 0 331 0 13435 0
4 995 true - Lumbridge General Store - 1931 30 1935 10 1735 10 1925 30 1923 10 1887 10 590 10 1755 10 2347 10 550 10 9003 10
5 995 true - Beefy Bill's Supplies - 1931 30 1929 10 1937 10 2313 10 1887 10 590 10 1735 10 1951 10 1969 10 1949 10 9703 10 9704 10 9705 10 9706 30
6 995 false - Peksa's Helmet Shop - 1139 10 1137 10 1141 10 1143 10 1145 10 1155 10 1153 10 1157 10 1165 10 1159 10 1161 10
7 995 false - Oziach's Armour - 1127 10 1135 10
8 995 true - Varrock General Store - 1931 30 1935 10 1735 10 1925 30 1923 10 1887 10 590 10 1755 10 2347 10 550 10 9003 10
9 995 false - Dealga's Scimitar Emporium - 4587 10
10 995 false - Zaff's Superior Staves - 1379 10 1389 10 1381 10 1383 10 1385 10 1387 10
11 995 false - Aubury's Rune Shop - 554 300 555 300 556 300 557 300 558 100 559 100 562 30 560 10 1379 10 1389 10 1381 10 1383 10 1385 10 1387 10
12 995 false - Scavvo's Rune Store - 1093 10 1079 10 1432 10 1113 10 1289 10 1303 10 1099 10 1065 10 1169 10
13 995 false - Varrock Sword Shop - 1277 10 1279 10 1281 10 1283 10 1285 10 1287 10 1291 10 1293 10 1295 10 1297 10 1299 10 1301 10 1205 10 1203 10 1207 10 1217 10 1209 10 1211 10
14 995 false - Lowe's Archery Emporium - 1133 100 10499 100 882 10000 884 10000 886 10000 888 10000 890 10000 892 5000 11212 500 9140 10000 9141 10000 9142 10000 9143 10000 9144 10000 9243 10000 9244 1000 9245 400 861 200 9185 200 1065 200 1099 200 1135 200 2487 200 2493 200 2497 200 1131 200 1129 200 2489 200 2495 200 2501 200 2491 200 2503 200 868 500 841 100 6326 100 6322 100 6324 100 6328 100 15243 1000
15 995 false - Horvik's Armour Shop - 1159 100 1121 100 1071 100 1197 100 1163 100 1127 100 1079 100 1201 100 3749 100 3751 100 3753 100 3755 100 10828 100 5574 100 5575 100 5576 100 1123 100 1091 100 1161 100 3122 50
16 995 false - Dodgy Derek's Dirty Deals - 1523 2 6412 5 18644 100 590 10 954 10
17 995 false - Valaine's Shop of Champions - 1019 10 1165 10 1077 10 1123 10
18 995 false - Thessalia's Fine Clothes - 1005 10 1129 10 1059 10 1061 10 1013 10 1015 10 1011 10 1007 10 950 10 426 10 428 10
19 12852 false - Token Shop - 11694 10 11696 10 6570 50 21371 5 4151 70 19335 40 18335 50 15220 100 14484 40 13899 25 13905 25 13896 25 13902 25 18349 10 18351 10 18353 10 18357 18359 1050 100 7462 100 7458 100 15486 500 6889 100 13734 500 13736 500 13738 500 13740 500 13742 500 13744 500 22494 250 20769 5 20747 5 18509 5 19669 10 15098 10
20 995 false - Draynor Seed Market - 5318 10 5319 10 5324 10 5322 0 5320 0 5323 0 5321 0 5096 10 5097 10 5305 10 5306 10 5307 10 5308 10 5309 10 5310 10 5311 10
21 995 false - Diango's Toy Store - 2520 10 2522 10 2524 10 2526 10 4613 10 12844 10 20179 10 20180 100 3006 150 20722 400 20716 10 20718 10 20725 10 20714 10
22 995 false - Potions - 116 100 134 100 122 100 158 500 164 500 146 500 6686 1000 3024 1000 140 750 15332 5 23207 10 23196 10 23231 10 228 10000 15328 50 228 10000 12174 1000 249 1000 257 1000 17494 221 233 100 2445 1000 176 1000
23 995 false - Frog's Mage Shop - 555 50000 554 50000 556 50000 557 50000 558 50000 559 50000 562 50000 563 50000 561 10000 565 10000 9075 10000 560 50000 566 50000 1381 20 1383 20 1385 20 1387 20 4170 100 4089 200 4091 200 4093 200 4095 200 4097 200 2415 100 2416 100 2417 100 4109 200 4111 200 4113 200 4115 200 4117 200 6111 200 6110 200 6916 5 6924 5 6918 5 6914 10
24 995 false - Bob's brillient axes - 1349 10 1351 10 1353 10 1355 10 1357 10 1359 10 1265 10 1267 10 1269 10 1271 10 1273 10 1275 10 15259 5
25 995 false - Jeff's armor store - 1713 100 1726 30 1732 15 2551 100 1155 1000 1117 1000 1075 1000 1157 1000 1119 1000 1069 1000 1165 1000 1125 1000 1077 1000 1159 1000 1121 1000 1071 1000 1161 1000 1123 1000 1073 1000 1163 1000 1127 1000 1079 1000 1149 1000 3140 1000 4585 1000 4587 500 1215 100 1305 100 4153 5000 10828 100 3106 10000 11732 10
26 995 false - Skillcapes Store - 9748 50 9751 50 9754 50 9757 50 9760 50 9763 50 9766 50 9769 50 9772 50 9775 50 9778 50 9781 50 9784 50 9787 50 9790 50 9793 50 9796 50 9799 50 9802 50 9805 50 9808 50 9811 50
27 995 false - Pet shop - 21512 1000 22992 1000 12196 1000